10 100 1000
2 3 2 3 2 2 3 2 3 2
2 3 2 3 2 2 3 2 3 2
2 3 2 3 2 2 3 2 3 2
2 3 2 3 2 2 3 2 3 2
2 3 2 3 2 2 3 2 3 2
2 3 2 3 2 2 3 2 3 2
2 3 2 3 2 2 3 2 3 2
2 3 2 3 2 2 3 2 3 2
2 3 2 3 2 2 3 2 3 2
2 3 2 3 2 2 3 2 3 2
2 1 3
3 2 3
2 1 3
3 2 3
2 1 3
3 2 3
2 1 3
3 2 3
2 1 3
3 2 3
2 1 3
3 2 3
2 1 3
3 2 3
2 1 3
3 2 3
2 1 3
3 2 3
2 1 3
3 2 3
2 1 3
3 2 3
2 1 3
3 2 3
2 1 3
3 2 3
2 1 3
3 2 3
2 1 3
3 2 3
2 1 3
3 2 3
2 1 3
3 2 3
2 1 3
3 2 3
2 1 3
3 2 3
2 1 3
3 2 3
2 1 3
3 2 3
2 1 3
3 2 3
2 1 3
3 2 3
2 1 3
3 2 3
2 1 3
3 2 3
2 1 3
3 2 3
2 1 3
3 2 3
2 1 3
3 2 3
2 1 3
3 2 3
2 1 3
3 2 3
2 1 3
3 2 3
2 1 3
3 2 3
2 1 3
3 2 3
2 1 3
3 2 3
2 1 3
3 2 3
2 1 3
3 2 3
2 1 3
3 2 3
2 1 3
3 2 3
2 1 3
3 2 3
2 1 3
3 2 3
2 1 3
3 2 3
2 1 3
3 2 3
2 1 3
3 2 3
2 1 3
3 2 3
2 1 3
3 2 3
2 1 3
3 2 3
2 1 3
3 2 3
2 1 3
3 2 3
2 1 3
3 2 3
2 1 3
3 2 3
